0 1.759399e+09 3.135416e-08 
14 14 1.000000e+00 
(   4.00000000000e+00,  -7.34788079488e-16 ) 
(   4.00000000000e+00,   7.34788079488e-16 ) 
(  -1.46957615898e-15,  -4.00000000000e+00 ) 
(  -1.46957615898e-15,   4.00000000000e+00 ) 
1.524328e+01 -3.651642e+01 4.386357e+01  
1.524328e+01 -3.651642e+01 4.386357e+01  
7 
   1.36000000000e+04    1.25900636453e-01    1.20092179152e-01 
    1.25900636453e-01    1.20092179152e-01 
   1.38000000000e+04    1.23078877604e-01    1.16665332251e-01 
    1.23078877604e-01    1.16665332251e-01 
   1.40000000000e+04    1.20310825486e-01    1.13298992362e-01 
    1.20310825486e-01    1.13298992362e-01 
   1.42000000000e+04    1.17622564454e-01    1.10068375745e-01 
    1.17622564454e-01    1.10068375745e-01 
   1.44000000000e+04    1.15015368876e-01    1.06978412504e-01 
    1.15015368876e-01    1.06978412504e-01 
   1.46000000000e+04    1.12486481583e-01    1.04022552425e-01 
    1.12486481583e-01    1.04022552425e-01 
   1.48000000000e+04    1.10033145405e-01    1.01194245297e-01 
    1.10033145405e-01    1.01194245297e-01 

